331 0.0 0.0 0.0 2.5
333 0.0 0.0 0.0 2.5
334 0.0 0.0 0.0 2.5
335 0.0 0.0 0.0 2.5
336 0.0 0.0 0.0 2.5
337 0.0 0.0 0.0 2.5
338 0.0 0.0 0.0 2.5
339 0.0 0.0 0.0 2.5
341 0.0 0.0 0.0 2.5
321 0.0 0.0 0.0 2.5
322 0.0 0.0 0.0 2.5
323 0.0 0.0 0.0 2.5
324 0.0 0.0 0.0 2.5
325 0.0 0.0 0.0 2.5
326 0.0 0.0 0.0 2.5
343 0.0 0.0 0.0 2.5
346 0.0 0.0 0.0 2.5
347 0.0 0.0 0.0 2.5
348 0.0 0.0 0.0 2.5
349 0.0 0.0 0.0 2.5
350 0.0 0.0 0.0 2.5
351 0.0 0.0 0.0 2.5
352 0.0 0.0 0.0 2.5
353 0.0 0.0 0.0 2.5
355 0.0 0.0 0.0 2.5
356 0.0 0.0 0.0 2.5
372 0.0 0.0 0.0 2.5
357 0.0 0.0 0.0 2.5
358 0.0 0.0 0.0 2.5
365 0.0 0.0 0.0 2.5
366 0.0 0.0 0.0 2.5
367 0.0 0.0 0.0 2.5
371 0.0 0.0 0.0 2.5
