2030.594482,997.845520,10.813097,0,[null],Four dragons Casino,0,750000,2500,0
2412.142089,1020.969604,14.272500,0,[null],Xtreme Mod Garage,0,200000,750,0
2177.562500,962.328674,10.820300,0,[null],Ammunation South LV,0,125000,700,4900
2121.766357,957.253112,10.812996,0,[null],Gas Station South LV,0,80000,1000,0
2182.451416,1115.274291,12.648400,0,[null],The Come-Alot,0,700000,2500,0
2023.034790,1342.802124,10.820300,0,[null],High Roller Casino,0,800000,3750,0
2088.063964,1449.034545,10.820300,0,[null],Royal Casino,0,700000,2250,0
2016.854980,1545.786376,10.583600,0,[null],Pirate Ship,0,2000000,5000,0
2194.563476,1684.985961,12.072696,0,[null],Caligula's Casino,0,750000,3000,0
2224.529296,1841.403198,10.820300,0,[null],Clown's Pocket,0,100000,1750,0
2193.499755,1985.930297,12.296896,0,[null],24/7 North LV,0,80000,1000,0
2024.567260,1921.736450,12.338700,0,[null],Swanky Hotel,0,900000,4225,0
2164.641845,2161.603027,10.820300,0,[null],cowboy casino,0,700000,3000,0
-2724.392089,-314.795684,7.186100,0,Gowther,SF Country Club,1,220000,14000,126000
-1957.312377,302.892395,35.468799,0,Psicoloco,SF Wang Cars,0,170000,70000,1120000
-1754.213867,960.234680,24.882799,0,[null],SF Hotel,0,200000,12000,0
-1660.478149,1218.463623,7.250000,0,[null],SF Otto's Autos,0,190000,10000,0
1022.766906,-1124.102783,23.870800,0,[null],LS Kathay Chineese Thea,0,130000,8500,0
1129.056884,-1489.081176,22.768999,0,[null],LS Verona Mall,0,150000,9000,0
1722.038330,-1652.113159,20.062500,0,[null],LS Museum,0,75000,5000,0
1722.989990,-1662.530029,20.229999,0,[null],Vodka Inn LS,0,1000000,40000,0
823.970397,-1360.195800,-0.507799,0,[null],Market Station LS,0,250000,10000,0
-957.561828,1946.506225,9.000000,0,[null],Dam,0,15000000,600000,0
268.843505,1883.930053,-30.093700,0,[null],MilitaryBase,0,20000000,800000,0
418.005401,2537.250976,10.000000,0,[null],Old Airport,0,750000,30000,0
1099.570556,1601.449707,12.546796,0,[null],Blackfield Stadium,0,2500000,100000,0
2695.570312,-1704.677612,11.843700,0,[null],LS Forum,0,2500000,100000,0
1545.692504,-1355.064331,329.471313,0,[null],Toby Tower LS,0,5000000,200000,0
-1753.758300,884.962829,295.875000,0,[null],MagnusCorp Pyramid,0,5000000,200000,0
-1951.504516,703.588073,46.562500,0,[null],Zombotech,0,1000000,40000,0
-687.634277,937.504821,13.632800,0,[null],Toreno's,0,1000000,40000,0
-225.883499,1403.905273,27.773399,0,[null],Alien Inn,0,100000,4000,0
625.100219,860.675109,-42.953399,0,[null],Quarry,0,7500000,300000,0
-49.805999,-271.705108,6.633100,0,[null],Fleischberg,0,10000000,400000,0
372.976715,-2042.313232,7.671800,0,[null],Glocki's Funworld,0,175000,7000,0
1090.574951,1074.810913,10.835900,0,[null],Greenglass College,0,1000000,40000,0
1171.235107,1356.118164,10.921796,0,[null],Turning Trick LV,0,500000,20000,0
-2186.098876,2415.678955,5.165100,0,[null],Boat Training,0,500000,20000,0
681.907470,-443.306091,16.335899,0,[null],Wollo's BoozeUp,0,175000,7000,0
-551.725524,2594.103759,53.934700,0,[null],Tierra Robada Corp,0,500000,20000,0
-844.510986,2745.131835,45.851501,0,[null],Teepee Motel VO,0,250000,10000,0
-2119.920654,-444.161590,35.531200,0,Ciro,Corvin Stadium,0,2500000,100000,0
1893.588256,-1393.159545,13.993000,0,[null],Bike Park,0,75000,3000,0
1445.808227,-2287.269042,13.546796,0,[null],Airpot LS,0,12500000,500000,0
1677.820312,1447.950805,10.775500,0,[null],Airpot LV,0,12500000,500000,0
-1423.322875,-289.001190,14.148400,0,[null],Airpot SF,0,12500000,500000,0
-1605.778930,712.369873,13.867096,0,[null],Police Department SF,0,500000,20000,0
-1557.695922,67.381698,17.335699,0,[null],Container I,0,5000000,200000,0
-2442.638183,753.719787,35.171798,0,[null],SupaSave,0,250000,10000,0
646.877624,-1357.604125,13.571800,0,[null],Interglobal TV,0,2500000,100000,0
912.239929,-1235.267456,17.210899,0,[null],Porn Studios,0,5000000,200000,0
816.734802,-1103.009643,25.791400,0,[null],Pet Sematary,0,750000,30000,0
1479.552368,2251.344726,11.023400,0,[null],Bandits,0,2500000,100000,0
1671.668945,1837.323974,10.820300,0,[null],Shody,0,750000,30000,0
1693.927001,2207.173828,11.069100,0,[null],Steakhouse,0,500000,20000,0
2224.951171,2521.104492,10.820300,0,[null],Lil' Church LV,0,75000,3000,0
2368.102539,1983.115356,10.820300,0,[null],Venturas Steaks,0,750000,30000,0
2127.593750,2377.432617,10.820300,0,[null],Emerald Isle,0,2500000,100000,0
2811.011474,1985.483520,10.820300,0,[null],General Store,0,150000,6000,0
2592.532714,2790.419433,10.820300,0,[null],K.A.C.C.,0,7500000,300000,0
1457.217163,2773.314208,10.820300,0,[null],Golfclub LV,0,2500000,100000,0
1743.020019,-1863.257202,13.575200,0,[null],Unity Station LS,0,2500000,100000,0
2033.765258,-1406.600830,17.204299,0,[null],County General LS,0,2500000,100000,0
1173.336059,-1323.677856,15.393096,0,[null],Hospital LS,0,2500000,100000,0
2018.723876,1916.495117,12.341500,0,[null],Visage,0,5000000,200000,0
2489.704101,918.473205,11.023400,0,[null],Wedding Chapel,0,100000,4000,0
2184.028076,1114.626342,12.648400,0,[null],Cum-a-lot,0,7500000,300000,0
2179.375976,1515.802001,10.820300,0,[null],Royal Casino,0,2500000,100000,0
1954.257324,1342.936645,15.374600,0,[null],High Roller,0,1000000,40000,0
2519.398925,2334.771972,10.820300,0,[null],Dick's Sounds,0,175000,7000,0
-2155.770019,159.797607,35.320301,0,[null],Dom's Rubbers,0,50000,2000,0
464.615203,-1286.825317,15.404296,0,[null],Vinyl Countdown I,0,150000,6000,0
-2429.146972,-154.525100,35.312500,0,[null],Bearded Clam,0,50000,2000,0
595.312072,-1249.657104,18.257499,0,[null],Bank of SA,0,7500000,300000,0
-2430.842285,-109.589202,35.312500,0,[null],Daily Globes,0,50000,2000,0
-2509.330566,-49.778301,25.684499,0,[null],Hippy Shopper I,0,50000,2000,0
816.135803,-1388.183349,13.615097,0,[null],Vinyl Countdown II,0,150000,6000,0
1129.191650,-1488.759765,22.768999,0,[null],Verona Mall,0,2500000,100000,0
-2589.370361,59.810699,4.335896,0,[null],Hippy Shopper II,0,50000,2000,0
2296.563964,-2046.475341,13.546796,0,[null],TG Stages,0,250000,10000,0
-1316.047851,507.880187,11.195300,0,[null],AircraftCarrier,0,10000000,400000,0
-2024.701049,67.163902,28.439899,0,[null],Fire Dept SF,0,500000,20000,0
-2461.440917,133.813705,35.171798,0,[null],Biffin Bridge,0,500000,20000,0
-2571.497558,326.764007,10.562500,0,[null],Uphill Gardener,0,100000,4000,0
-1799.787231,1198.830566,25.119300,0,[null],Michelle's,0,75000,3000,0
-2409.431396,1548.207519,26.046800,0,[null],Container II,0,5000000,200000,0
-1692.078247,1353.281860,9.804596,0,[null],Pier 69,0,175000,7000,0
2131.603515,-1149.110473,24.300600,0,[null],Coutt & Schutz,0,100000,4000,0
1207.223022,-1747.896240,13.593000,0,[null],ConferenceCenter,0,7500000,300000,0
1081.374511,-1699.438354,13.546796,0,[null],Papercuts,0,250000,10000,0
1070.038940,-1221.231811,16.890600,0,[null],LS Fashions,0,75000,3000,0
1022.475830,-1123.665649,23.870199,0,[null],Grauman's,0,2500000,100000,0
511.649810,-1394.057250,16.132799,0,[null],Alexanders' Toys,0,100000,4000,0
490.602111,-1412.195312,16.462699,0,[null],COGS,0,50000,2000,0
462.270904,-1571.158447,25.560100,0,[null],Ranch,0,175000,7000,0
270.614593,1358.329223,10.585900,0,[null],Xoomer Corp,0,1000000,40000,0
1859.346923,1031.738159,10.820300,0,[null],Side Walk Market,0,75000,3000,0
1377.413940,1057.917236,10.820300,0,[null],Sumo,0,250000,10000,0
-36.094600,2348.862792,24.302499,0,[null],Snake Farm,0,50000,2000,0
-1394.674804,2640.833496,55.903701,0,[null],Sheriff El Q,0,75000,3000,0
-1465.493164,2609.449462,55.835899,0,[null],Hotel El Q,0,100000,4000,0
-1514.795043,2520.505859,55.883399,0,[null],Med. Center El Q,0,175000,7000,0
-2715.218994,197.902603,4.328100,0,Obamaqliao,Wheel Arch Angels,1,500000,20000,100000
2473.258056,-1923.755615,13.546796,0,[null],Lavanderia,0,50000,2000,0
2334.557617,31.062900,26.483900,0,[null],Jazz Mags,0,75000,3000,0
-128.705703,-94.432296,6.484300,0,[null],Easter Board Farm,0,5000000,200000,0
88.744102,1181.871948,18.663999,0,[null],Motel 1 (Fort Carson),0,175000,7000,0
13.894496,1188.828369,19.315200,0,[null],Motel 2 (Fort Carson),0,175000,7000,0
-17.678400,1213.203857,22.464799,0,[null],Motel 3 (Fort Carson),0,175000,7000,0
-177.109603,1111.151123,19.742099,0,[null],Motel 4 (Fort Carson),0,175000,7000,0
-206.182205,1087.469848,19.742099,0,[null],Hotel (Fort Carson),0,250000,10000,0
-53.895698,1190.107543,19.359300,0,[null],Diner (Fort Carson),0,75000,3000,0
-91.000999,1190.541137,19.742099,0,[null],Bowled Spot,0,250000,10000,0
-80.215499,1227.880615,22.440200,0,[null],U Get Inn,0,100000,4000,0
-144.054504,1224.424926,19.899200,0,[null],King Ring,0,75000,3000,0
-145.782196,1174.118164,19.742099,0,[null],No1 Desert,0,100000,4000,0
-187.686401,1209.991577,19.700000,0,[null],Cafe (Fort Carson),0,50000,2000,0
-180.511398,1133.104858,19.742099,0,[null],Bank (Fort Carson),0,250000,10000,0
-180.554306,1088.373046,19.742099,0,[null],Bar (Fort Carson),0,75000,3000,0
110.414001,1105.508544,13.609296,0,[null],Astro Drive-In,0,175000,7000,0
-99.108398,1084.390258,19.742099,0,[null],HI K69,0,50000,2000,0
-1066.850341,-636.309509,44.214500,0,[null],Easter Bay Chemicals,0,7500000,300000,0
-319.003997,1049.896850,20.340200,0,[null],Med. Center (Fort Carso,0,175000,7000,0
1038.248657,-1338.887573,13.726496,0,[null],Jim's Ring,0,75000,3000,0
954.081604,-1335.755859,13.538700,0,[null],Nude Shop 1,0,250000,10000,0
-828.354675,1439.515136,13.958600,0,[null],Teepee Motel Las Barran,0,250000,10000,0
-828.123718,1503.118041,19.634700,0,[null],Bank Las Barrancas,0,250000,10000,0
-857.340393,1536.354736,22.586999,0,[null],Smokin' Beef Grill Las ,0,175000,7000,0
-796.403503,1556.988037,27.124399,0,[null],Cemetery Las Barrancas,0,250000,10000,0
-1823.938110,42.178001,15.122696,0,[null],Solarin Industries SF,0,2500000,100000,0
854.591369,-603.370910,18.421800,0,[null],Solarin Industries Dill,0,750000,30000,0
-2450.906982,503.757293,30.084659,0,[null],Federal Mint,0,1000000,40000,0
-216.796600,979.092102,19.498199,0,Thomas_Muller,Sheriff (Fort Carson),1,75000,3000,15000
1941.305053,-2115.959472,13.695300,0,[null],Nude Shop 2,0,250000,10000,0
2221.503662,-1146.913452,1025.796752,15,[null],Jefferson Motel  LS,0,175000,7000,0
828.840026,6.280000,1004.179992,3,[null],Inside Track,0,250000,10000,0
2495.896728,-1707.319213,1014.742126,3,[null],CJ's Home LS,0,75000,3000,0
768.539978,5.389997,1000.710021,5,[null],Gym LS,0,175000,7000,0
2282.530029,-1135.930053,1050.890014,9,[null],Appartment LS (1),0,75000,3000,0
2366.775634,-1127.442749,1050.875000,9,[null],Appartment LS (2),0,75000,3000,0
2189.800048,-1203.869995,1049.020019,10,[null],Appartment SF (1),0,75000,3000,0
203.889999,-40.130001,1001.799987,1,[null],Sub Urban SF,0,75000,3000,0
237.122100,154.656799,1003.023376,3,[null],Police Department LV,0,500000,20000,0
1210.828857,0.385399,1000.921813,3,[null],Lap Dance LV,0,250000,10000,0
204.156997,-160.529205,1000.523376,14,[null],Didier Sachs LS,0,500000,20000,0
210.324401,-129.707992,1003.515075,3,[null],Pro Laps LS,0,250000,10000,0
411.972412,-51.142799,1001.898376,12,[null],BarberShop,0,50000,2000,0
2308.041992,-1209.979248,1049.023437,9,[null],Appartment SF (2),0,75000,3000,0
768.423522,-36.637901,1000.686401,0,[null],Cobra SF,0,175000,7000,0
-203.350692,-5.992599,1002.273376,16,[null],Hemlock Tattoo SF,0,100000,4000,0
2345.373779,-1184.651245,1027.976440,5,[null],Appartment LS (3),0,75000,3000,0
-2236.846923,131.264602,1035.413940,6,[null],Zero RC,0,250000,10000,0
2333.457763,-1065.578125,1049.023437,9,[null],Appartment Desert,0,75000,3000,0
365.715789,-9.887296,1001.851623,9,Berol4,Clucking Bell,0,500000,20000,220000
2232.746337,-1108.895874,1050.882812,10,[null],Appartment SF (3),0,75000,3000,0
-203.734207,-24.586999,1002.273376,17,[null],Tattoo LS,0,75000,3000,0
412.251800,-18.997900,1001.804626,2,[null],Reeces LS,0,50000,2000,0
1212.181030,-33.891498,1000.953125,3,[null],Spread Ranch,0,250000,10000,0
366.629486,-69.335700,1001.507812,10,LiuKangHD,BurgerShot,1,500000,20000,40000
1264.553344,-781.016418,1091.906250,9,[null],Tomasu's Villa LS,0,2500000,100000,0
2318.786376,-1020.902526,1050.210937,9,[null],House LV,0,250000,10000,0
1132.844360,-3.975697,1000.679626,12,[null],Lil' Casino LV,0,500000,20000,0
771.961303,-70.498802,1000.656188,7,[null],Gym LV,0,75000,3000,0
-2649.607910,1409.309936,906.273376,3,[null],Jizzy's Club,0,750000,30000,0
-29.588699,-22.768299,1003.557189,10,[null],24/7 Gas LS,0,100000,4000,0
2210.558593,-1076.158203,1050.484252,9,[null],Appartment LV (2),0,75000,3000,0
364.516387,173.679702,1008.382812,3,[null],City Planning,0,2500000,100000,0
475.282196,-18.480100,1003.695312,17,[null],LS Alhambra Club,0,70000,4500,0
204.067703,-157.797897,1000.523376,14,[null],Dider Sachs Boutiques,0,100000,7000,0
501.492706,-75.432296,998.757812,11,[null],Ten Green Bottles Shith,0,20000,1500,0
411.958709,-17.970600,1001.804687,12,[null],Hair Studios,0,30000,4000,0
161.187500,-79.991500,1001.804687,18,[null],Zip Shops,0,15000,1000,0
207.563995,-97.818801,1005.257812,15,[null],Binco Shops,0,15000,1000,0
2235.540771,1679.040161,1008.359375,1,[null],LV Caligula Casino,0,100000,7000,0
2216.902587,-1146.942138,1025.796875,15,[null],LS Motel,0,50000,4000,0
1989.061889,1005.524108,994.468811,10,[null],Four Dragons LV,0,750000,30000,0
-103.552497,-22.466100,1000.718811,3,[null],Sex Shop LV,0,250000,10000,0
161.187500,-79.991500,1001.804687,18,[null],Zip Shop,0,250000,10000,0
207.563995,-97.818801,1005.257812,15,[null],Binco Shop,0,75000,3000,0
-203.486404,-41.204498,1002.273376,0,[null],Tattoo Parlor,0,100000,4000,0
246.573593,68.500999,1003.640625,6,[null],Police Department LS,0,500000,20000,0
376.094909,-125.850700,1001.500000,5,[null],Pizza,0,500000,20000,0
218.442993,-8.778269,1001.210998,5,[null],Victim,0,250000,10000,0
2238.064697,-1073.187500,1049.023437,9,[null],Appartment LV,0,75000,3000,0
